char i_block[4][4][4] =
	{
			1, 1, 1, 1,    0, 0, 0, 0,    0, 0, 0, 0,    0,0,0,0,
			0, 0, 0, 1,   0, 0, 0, 1,    0, 0, 0, 1,    0,0,0,1,
			0, 0, 0, 0,    0, 0, 0, 0,   0, 0, 0, 0,   1, 1, 1, 1,
			1, 0, 0, 0,   1, 0, 0, 0,    1, 0, 0, 0,    1,0,0,0
	};

char t_block[4][4][4] =
	{
			1, 0, 0, 0,   1, 1, 0, 0,    1, 0, 0, 0,   0, 0, 0, 0,
			1, 1, 1, 0,   0, 1, 0, 0,   0, 0, 0, 0,    0, 0, 0, 0,
			0, 0, 1, 0,   0, 1, 1, 0,   0, 0, 1, 0,   0, 0, 0, 0,
			0, 0, 0, 0,   0, 1, 0, 0,   1, 1, 1, 0,   0, 0, 0, 0
	};

char s_block[4][4][4] =
	{
			1, 0, 0, 0,    1, 1, 0, 0,    0, 1, 0, 0,   0, 0, 0, 0,
			0, 1, 1, 0,    1, 1, 0, 0,    0, 0, 0, 0,   0, 0, 0, 0,
			0, 1, 0, 0,    0, 1, 1, 0,    0, 0, 1, 0,   0, 0, 0, 0,
			0, 0, 0, 0,   0, 1, 1, 0,    1, 1, 0, 0,    0, 0, 0, 0
	};

char z_block[4][4][4] =
	{
			0, 1, 0, 0,    1, 1, 0, 0,   1, 0, 0, 0,    0, 0,0, 0,
			1, 1, 0, 0,    0, 1, 1, 0,   0, 0, 0, 0,    0, 0, 0, 0,
			0, 0, 1, 0,    0, 1, 1, 0,   0, 1, 0, 0,    0, 0, 0, 0,
			0, 0, 0, 0,    1, 1, 0, 0,    0, 1, 1, 0,   0, 0, 0, 0
	};

char l_block[4][4][4] =
	{
			1, 0, 0, 0,    1, 0, 0, 0,    1, 1, 0, 0,   0, 0, 0, 0,
			1, 1, 1, 0,    1, 0, 0, 0,    0, 0, 0, 0,    0, 0, 0, 0,
			0, 1, 1, 0,    0, 0, 1, 0,    0, 0, 1, 0,    0, 0, 0, 0,
			0, 0, 0, 0,    0, 0, 1, 0,    1, 1, 1, 0,    0, 0, 0, 0
	};

char j_block[4][4][4] =
	{
			0, 1, 0, 0,    0, 1, 0, 0,    1, 1, 0, 0,     0, 0, 0, 0,
			1, 0, 0, 0,    1, 1, 1, 0,    0, 0, 0, 0,    0, 0, 0, 0,
			1, 1, 0, 0,    1, 0, 0, 0,    1, 0, 0, 0,    0, 0, 0, 0,
			1, 1, 1, 0,    0, 0, 1, 0,    0, 0, 0, 0,    0, 0, 0, 0
	};

char o_block[4][4][4] =
	{
			1, 1, 0, 0,    1, 1, 0, 0,    0, 0, 0, 0,    0, 0, 0, 0,
			1, 1, 0, 0,    1, 1, 0, 0,    0, 0, 0, 0,    0, 0, 0, 0,
			1, 1, 0, 0,    1, 1, 0, 0,    0, 0, 0, 0,    0, 0, 0, 0,
			1, 1, 0, 0,    1, 1, 0, 0,    0, 0, 0, 0,    0, 0, 0, 0,
	};
